7125138641
11264074657
-9630750658
-6619735701
2519635369
4549103118
-7160236257
11939761753
11643245192
-7555293148
-671564563
-13155656995
-20094037269
8843169890
6961235414
-10656368850
4655661957
19215864936
-8465953727
-679079204
11384703993
2819392803
4433192446
-7957042220
1071611586
-4600791267
1721296477
-16819526464
2985354432
4903147241
-2024276046
-5604120050
-2972871404
2951072400
6733565275
1351303971
2982897528
6625062773
11790744697
3765670436
9282680875
10486297131
-2894157466
-16632211731
-9898497966
-5910662098
-2325946935
-1747621136
-2736741033
-525163812
5733492730
2138930873
-8627295321
-21144173278
-11091052357
12156620291
-6946995617
-17023240547
-4938028772
-813202176
-5120078386
-711448784
-2589669855
-1622802892
8066434292
3641604396
-6743681879
-116781062
7948218094
-6146176439
-3651967939
-16379908124
604152159
5911439615
-157367725
6349092884
-3631609887
-6032613722
74409670
