16949,11638,7001,17504,19833,5212,8506,9482,4877,18007,17559,12140.5,6722,16598,8853,18906,10770,12861,5388,8779,6879.5,9663,10339,11678,6655,15083,8603
,5990,12510,11738,11636,11938,18554,19791,19466,4376,19431,19100,12826,9915,15144,17825,13968,16325,18768,11460,16046,8749,14634,8376,8551,6577,18315,18194,18847,13679,8284,6344,18734,15264.5,11795,5875,18314,7313,9984.5,12656,16121.5,19587,18736,11371,10857,10345
,5615,15456,9480,7163,12149,17354,13447,19040,9714,7666.0,12350,7132,12886
,17222,5999,15987,8254,9343,15785,17159,9418,13151,18562,15443,12931.0,10419,15521,14741,18952,10592,19623,10898,5002,7833,19835,13169,19073,13020,18641,13493,15737,8591,5868,4734,5818,6599,4977,17562,5989,6963,10774,11249,17267,10818.0,4369,18677,14280.5,9884,11255,6516,6943,10532,7797,9088.0,10379,5221.0,13221,17211,13762,6922,5095,17208,4870,17335,14921,19599,11995,14984,8345,12199,14786,11999,17990,5323,10143,10106,12100,14622,17887,10695,12799,6093,16347,13808
,8578,9608,7450,14573,5247,10688,14583,14351,9940,5606.5,8874,10974.0,18108,13090,4490,11938,18966,16969,17749,6252,18503
,13651,6051,6240,13145,17407,8072,5714,14603,17593,12978,19966,12741,11895,16798,10022.5,13281,12491,5386,13123,10031,19657,11080,16113,5447,16687,5791,6013
,11572,11581,16185,10050,14002,19918,6475,13993,17614,18657,15036,18017,15006,6615,5882,17857,11201,7311,19535,9110,11882,9814,12956,7673,14227,16340,6643
,13347,16466,16968,15545,10330,6066,9315,8012,18852,5128,9277,14390,16834,12347.0,7860,14272,9594,12967,14660,5776.0,7764,6821,10277,10287,7931,8616,11262,7837.0,4412,7663,9020.0,10377,16721,13110,8610
,9973,15807,6385,6726,13562,14179,16531,6569,14885,16811,14367,19160,18881.5,18603,15634,5387,8775,9823,10534,13686,4423,15405,4611,6548,11767,7754,9999.5,12245,7344,4892,8678,8243,13628,10462,14571,4815,6703,16212,18045,6712,7429,18552,17942,14830,11002,14415,9805
,8817,8128,5437,12980,11475,12829,5283,10105,12733,18199,17620,16121,16977,19747,12153,14624,14545.0,14466,17679,10329.5,17080,18354,16503,8792,15185,6296,12196.0,18096,15493,13154,12117,14051.0,15985,12931,14011,6160,11421.0,16682,8104,6319,9476,18839,12097,12942,8203,8823,16826,10075,6922,19712,10772,13998,14011,14177,11938,11131,8438
,17394,15042,14507,11675,17963,15348,12937,11972,10758,11552,12864,17791,14783,13243,10065,19003,9826.5,9954,7887,13648,4586,4977,15118,15414,13565,6269,10131.0,13993,12324,14653,16506,14000,10382,11397,4874,9117,19421,15681,6138,19303,15050.0,10797,8063,19430,15591,13489,6258,17457,4629,5561,15577,17076,10214,13429,17586,15257,15204,10924,15708,10999,6891,7664,5213,8357.0,11501,6010,16273,6917,10649,18286,15569,11172,19321,8644
,9145,19262,15952,9907,17000,11533,14879,16467,10462,7202,15300,7812.5,15544,14284,10327,9778,17712,17038,15069,7469,9111,7035,15021,16431,6723,14216,8941,19456,12187,5731,4392,11079
,13955,8033,9788,13394,18710,12755,12874,18766,12265,19167,19686,12707,18945,5788,8306,10364,8317,14864,8656,11983.5,15311,7043,14999,5880,16997,10603,5242,9778,14238,16411,14750,17023,12578,7818,7329,6879,12158,14998,9340,15316,15755,18709,17354,18039
,13620,18787,7986,10741,18504,10873,5479,7519,16574,8825.5,14007,6840,18189,4390,12562,10844,7151,13511,8381,16223,14766,5813,15547,15496,7217,18859,8805,16512,18845,18362,17470
,19722,10503,5530,6503,13893,14101,8667,18362,16112,12192,8154.5,15162,7146,5800,17698,8904,17439,15568,11066,14659,18135,19951,13119,5784,4836,6791,10466,16474,13734,9833,5436,11240,15045
,15604,9170,19877,9940,16100,10355,8558,13639,18737,19313,8376,7675,10274.5,12874,5311,17183,4387,9555.5,14724,6930,8736,19771,10865,4705,12276,14594,17033,4602,9150,8878,5646
,9882,8100,13777,8803,12956,11640,8659,6408,9533,6704,9602.0,12500,6899,11573,6351,19581,11733,11132.5,10532,19547,12644,11146.5,9649,18921,4613,16334,19480,5711,12103,6953,16896,4752,8884,14188,14822,7671.0,4894,5750,14122,17740,10315,11174,17381,15804,12348,13267,16555.0,19843,12268,8875,11413
,8755,10468,11559,9217,6210,13753,19215,14663,10243.0,5823,10036,11477,10627,8962.5,7298,15752,19501,8930,13854,16971,16073,10816,6071.5,7925,10838.5,13752,11384,12111,7265,18550,16039,12152,11300,6399.0,10975,17283,15410,7953,16469,9938,9303,11482,4955,14521,7354,19778,10440,18160,14695,13576,14184,7084,17669,12034,9449.0,6864,10702,18341,18162,11160,16888,19281,18443,18806.0,19169,14114,9706,16098,9560.0,16008,16259,13019,12688,6425,15455,16627,17882,14919,10780,5866,19310,6064,9026,6926,16466,16922,15739,10470,6589,10220,5762,14997,15786,19976,9640,5256,12663,6122,7689,19759,5198,18919,10729.0,6093,11360,11627,9761,7053,8992.0,10931,15332,14727.5,14123,8936,6134.5,10282,5748,7488,7896.0,8304,5373.5,6696,12562,12052,6924,15577,14277,19701,16245,18306,18989,4953,14734,7579
,4436,10858,15890,13192,15983,7989,9223,19296,8924.0,16281,6567,16461,14029,13208,4511,14801,17818,11435,11471,17390,19935,13227
,17641,8268,12588,5483,17336,18022,18020,18401,4797,6117,10314,12086,10561.5,9037,7715,7764,14086,16429,9887,10361,16792,10226,12645,10482,16093,8690.0,11391,11216,5590,11423,15910,18927,15493,4493,19700,12720.0,5740,14941,19273,13966,13820.5,13675,4834,15700,9514,8750.5,7987,5647,15401,9021,11247,15238.0,19229,17262,13008,10587,9445,13799,17802
,13219,13106,17968,10739,17470,13060,7801,19250,5119,17430,11083,8532,16634,8881.0,11367,16919,11696,9315,16815,4878,5741,5031,5525,11046,7249,11087,6093,8977,7658,15699,19614
,6781,7957,11928,16313,10299,13825,18394,15717,7174,6827.0,6480,5351,17076,14978,8842,5477,9430.0,13383,7729,9684,4752,9810,10844,11946,11885,10754,5335,18626,6390,11028,6152,17149,16575,9013,8550,17939,12692,5856,12035,18961,12550,17999,15433,13774,19719,12579,18700
,9232,17167,14147,5378,19070,19281,7188,10809,17250,9715,9188,14979,17084,15747,13566.0,11385,5238,6430.0,7622,9951,14650,16894,14621,12197.5,9774,5812,7266,11202,9808,13698,14894,9136,12699.5,16263,5890,14254,15959,18358,17305,5094,16171,11646,19326,14876,12122,12539,18441,8158
,12782,13486,11646,12381,19510,11842,18929,14391,6878,18328,16210,14803,15175,9761,14374,11438,16478,15595,7999,8550,11234,5992,15478,9106,15348,4548,11366,9770,10547,12130,9518,8170,11805,14586,17836,19882,4620,8852,14898,14725,4649,4589,12267,11656,19650,18640,16879,17275,16722,4926,10265,6283,5707,12646,16257,8000,9429,14815
,14699,12871,15013,15747,14176,9203,14844,9727,16367,6279,7568,19752,16608.5,13465,11104,10664,8924.0,7184,12672,11753,16337,19321,16297,13974,18525,13788,10026,17847,12499.5,7152,11808.0,16464,16967,11149,10784,7729,17702,19963,13309,6721,12224,18163,16009,17445,16079,17104,8261,5750,11244,17796,19382,17205,13722,16600,11142,18488,19241,5407,17177,5556,18914,10881,9233,17761,4655,18718,17837,18710,17266,13516,10686,4895,19535,16911,11198,14075,12561,12009,17545,6168,6335,12951,6278,8997,7385,17866,17207,13762,12054,18557
,11767,6402,6544,19356,19022,18458,5669,9251,16130,16068,7282,10422,15643,11824,17481,12262,6672,9803,7902.5,6002,18387,16047.5,13708,12635,13528,10323,13313.5,16304,19367,4473,11551,14649,16900,5293
,7268,9501,8150,15519,16481,7937,6477,14797,6047,17990,15796.0,13602,15090,13732,14564.5,15397,7163,19308,10204.0,19267,16033,19034,15150.0,11266,11242,9487,7081
,14963,13944,10011,15801,15217,16850,18288,8374,19134,12888,18844,14694,8151,13426,7563,10142,10554,5603,13598,15083,13114,16599
,17327,16877,15546,15479,17732,17788,13253,4883,4721,19383,13457,15293,9764,19798,10915.5,18159,10563,9695,17599,16400,18497,11163,13775,5360,7223,6236,15759,17999,15498,10611,8184.0,14390,9437,6435.5,16118,16367,6308,14404,13389.5,12375,17159,11872,15367,17221,12672,14797,18286,8186,5352,8006,12410.0,16814,13712,10963,16383,14036,4601,11829,13315,11416,13127,15679,7424,4892,19367,14067,13033,8013,15552,13703,12503,11037,19811,4835,16094,15425,17255.0,19085,4831,17245,11036,10444,11998.0,13552,13366,13176,18524,15925,6028,17734,15648,12636,4405,17712,8894,17154,16632.0,16110,8941,4496.0,14008,19594,19917,6194,5435,8320,6153,7045.0,7937,16758,15359,11545,18368,9150,12277,14956,15230,8348,15836,12394,5092
,6584,13733,15999,12553,14229,15914,5806,19940,15405,5408,18950,12185,5678,14159,7132,5486,10577,16908,4530,16160,15348,14933,14572.0,14211,10003,6502,11230,8338,15262
,11070,8108,14595,16328,10617,19146,18494,8663,18796,9570,12413,6221,13262,12408,17164,15304,5660,10427.5,15195,17060.0,18925,7047.0,10375,7518,6580.5,11368,14049,18931,17392,14884,4418,7807.5,11197,5212,13181,7502,18218,13596,15398.5,17201,11703,4381,9163,19957,12016,5441
,7085,14524,10886,18306,4510,16322,9963,18488,10806,9862,5839.5,7684.0,12577,9334,17925,14207,16293,18910,9852,17148,14775,5415,11156.5,16898,9455,5785.0,10510,13464,8838,5521,8627,7184,10503,5733,9042,9108.0,9174,16429,14518,9547,9786,18100,14715,14246,17017,16596,16264,8663.0,12372,11188,15761,5002,16050
,19992,11634,13224,8498,4443,9786,12829,16610,14184,18297,17648,13841,15080,11800,7865,18281,6443,17444,11818.5,6193,8098,8691,12620.5,16550,14081,11530.0,8979,11163,7352.0,14923,11374,8666,17430,15333,19769,18167,14807,11165,10425.0,9685,9213,18004,18398,11479,4635,7342,4875,18707,7702,6596,4685,8865
,11735,11148,7148,17052,15749,8340,6362,7020,18101,16137,4523,16592,17617,7908,9293,17615,8142,4450,9295,16438,6274,14811,10252,5624,6728,7756,12208.5,16661,12314,11728,7473.5,14211,19457,8391,16494,13267,16366,5085,6406,13319,18762,11379,8053,8374,5680,15252,11616,13529
,14886,15632,8850,12968,13334,6819,6699,8438,9318,8435,18898,16478,8665,13720,15403,11428,16376,8766,19208,6167,17046,6762,12401,5823,4641,8847,8513,10787.5,13062,9578,6227,9589,14066,16756,10894,9539,9278,10075,17679
,18119,7949,5104,19889,13495,11834,16904,12848,9867,7545,11451,16277,5696,19810,5013,5107,5176,12797,7848,17862,18168,12449,9882,12203,17359,9030,16446,14269,7118,14811,5107,5032,19205,16256,7707,17506,11409,5452,7394,13069
,7781,18914,4838,8373,4395,15860,5322,9760,7338,14076,5377,17465,17641,11974,15448,14615,18859,8469,4384,15672,5092,8563,7501,5741,5799,9240,6954,19110,18688,16747,11797,18411,11256,6401,8730.0,11059,17910,11087,15264,9613,9313,16902,19318,7024,8708,8091,17692,12801,8316,10618.0,12920,5133,9974,6518.5,10677,11336,5897,8718,5267,17762,17009,7458,12802.0,18146,7707,15844,14767.5,13691,14713,11916,19919,18172.5,16426,10172,15643,17606,5179,10563,18787,16593,9309,7455,16239
,11038,9586,15883,19171,17840,15437,9256,16888,15988,10170,10423,5435,12152,15052,9079,15545,9498,8554.0,7610,9211,16720,5621,13147,11918,6119,7591,5907,17530,7104,8283,11673,19406,12168,10711,13628,18854,16397,13470,14374,5308,7899,13082,19401,4772,6852,18694,17857,10292,7366,16183,16606,12043,7373,5501,15267,10225,16248,16258,12596,16129,12724.5,9320,16693,14087,8330,12158,13680,12826,13729,15935,9394,18865,16166,19308,8940,5779,5061,17156,5321,6226,8388,6513,18708,12689,18521,16132,9681,13650,4611,6878,5909.0,4940,9892.0,15651,18767,6861,13252,9326,13494,19695,4902,12800,7210,13164,10509,15152,8190,19588,19459,11667,4749,19256,19519,6108,18983,8295,13186,13436,5939,8795,15588,15450,8264,6216,19502,18000
,15970,12615,13112,11983,8947,12585,19503,12676,7379,12315,4804,15889,8891.0,5562,18585,16218,11974.0,7730,5551,16370,15716,6718,8836,7916,4468,13265,15381,17518,9233,6074.0,9499,7336,15271,17597,17284.0,16971,9695,4787,15826,7667,14593,6777,10693.0,14609,4514,19229,14310,16283,11933.0,7583,17484,11115,12060,8284,19034,6162
,16636,12829,19930,11588,14714,16793,16357,8781,17500,8715,9337,5965,13759,8585.5,16630,7580,14384,7334,13020,5945,12792.5,19640,9316,15625,8748.5,12848,7261,10374,4415,17528,15071,17059,8547.0,4566.0,9097,18914,19064.5,19215,19045,5179,16701,11416,7080,9706,7035,10963,15614,14315,7140,10025,7681
,12090,19521,9963,4646,6336,6643,9614,17764,11633,10804,11992.0,13180,10979,12912,13031,8883,16233,15363,18185,16268,13278,13103,18434,5855,6979,7394.5,7810,17254,12096,13520,9444,15092,4598,10974,6592,8370,6494
,11491,6452,6235,19936,11057,15872,12012,16433,14354,6855,19687,17178.0,14669,8634,13023,10786,18018,19949,4442,10586,11681,9228,6437.5,8588,14174,10957.0,7740,9071,11492,9262,12132,6881,6659,18352,5074,5975,13279,12118.0,10957,18570,18619,5699,12975,13422,6071,6314,5718,10834,18535,19411,15821,12389,11403,5904,4817,16761,12918,10551.5,8185,18639,4580,17819,10435,6171,11506,12411,9632,15633,11138,9444,9446,15204,4950,12504,6932,13789,12762,15530.0,18298,9748.0,9687,15823,17448,5061
,7782,15664,9780,8676,10424,4579,7875,9865,5783,10748.0,15713,11238,15464,19427,9304,17878,19265,8066,16461
,18161,5525,8987,12317,8387,10614,9785,13809,18293,15708,6991,5427.5,10836,12118.5,13401,18572,9933,12571,10782,19301,6091,5392,6073,17848,15477,5736,14888,12528,4495,5075,9522.0,13969,9174,9316,4782
,5496,14234,12794,7344,16320,7724,6456,18233,7415,5063,16922,9113,14969,19192,11811,12062,16412
,16509,14447,17359,17123,5883,11860,7930,15849,10338,6255,10834.5,15414,6768,12845,9162,4396,10727.5,17059,17067,11235.5,5404,6029,18395,5290,19321,18362.5,17404,8309,14493,18820,19553,6926,5645,8338,9508,8904,10774.5,12645,14000,11673,10744,17145,14499
,18121,11102,17162,5944,16589,14679,6112,12822,16875,17418,11854,12581,11783,17810,9826.5,6801,6592,16234,9738.0,17492,13913,4892,18717,17553,16947,11257,16153,18410,11489,16672,14647.0,12622,5527,12746,19949,17251,10317.5,7736,5881,9487,16331,6382,9012,13503,19058,11897,8332,14299,16258,8790,19336,7482,5935.0,4388,9906.0,16788,14250.0,11712,11917,7725,10067,11982,19217,12809,14586,12910,18583,10100,14471,6959,18131,9474,12933,9846,7046,9044.0,16615,6740,6618,11449,17225,8904,7034,8010,13202,14561,14641,18103,12498,14068.0,15638,10043,16989,4647,6972.0,9297,8778,7085,19964,11514,8187,5450,7844,8064,13163,19921
,14314,12886,7908,14958,17132,10809,19599,17134,13003,5157,14858,12480,4711,5138,7759,15154,11231,16625,8340,10074,5444,8229.5,11015,10190,18253,18061,18127,12251,10977.0,9703,6624,4366,8782,15195,15384,16868,19056,17404,4470,14939,7061,5400,19502,6714,18202,13447,18987,15891,18263,10095
,